0.0952380952381
0.0952422838038
0.0952552428896
0.0952775625784
0.095309832953
0.0953526440964
0.0954065860913
0.0954722490209
0.0955502229678
0.0956410980151
0.0957454642456
0.0958639117422
0.0959970305878
0.0961454108652
0.0963096426575
0.0964903160475
0.096688021118
0.096903347952
0.0971368866323
0.0973892272419
0.0976609598637
0.0979526745805
0.0982649614752
0.0985984106307
0.09895361213
0.0993311560559
0.0997316324913
0.100155631519
0.100603743222
0.101076557683
0.101574664986
0.102098655212
0.102649118445
0.103226644768
0.103831824264
0.104465247015
0.105127503105
0.105819182616
0.106540875631
0.107293172233
0.108076662505
0.108891936531
0.109739584392
0.110620196171
0.111534361953
0.112482671819
0.113465715852
0.114484084135
0.115538366752
0.116629153785
0.117757035316
0.11892260143
0.120126442208
0.121369147734
0.12265130809
0.12397351336
0.125336353626
0.126740418971
0.128186299479
0.129674585231
0.131205866311
0.132780732802
0.134399774787
0.136063582348
0.137772745569
0.139527854532
0.14132949932
0.143178270017
0.145074756704
0.147019549466
0.149013238384
0.151056413542
0.153149665023
0.155293582909
0.157488757283
0.159735778229
0.162035235829
0.164387720166
0.166793821323
0.169254129383
0.171769234428
0.174339726543
0.176966195808
0.179649232309
0.182389426126
0.185187367344
0.188043646045
0.190958852312
0.193933576227
0.196968407875
0.200063937337
0.203220754697
0.206439450037
0.209720613441
0.213064834991
0.21647270477
0.219944812861
0.223481749348
0.227084104311
0.230752467836
0.234487430004
0.238289580899
0.242159510603
0.2460978092
0.250105043268
0.254145168945
0.258185294623
0.2622254203
0.266265545978
0.270305671655
0.274345797333
0.278385923011
0.282426048688
0.286466174366
0.290506300043
0.294546425721
0.298586551398
0.302626677076
0.306666802754
0.310706928431
0.314747054109
0.318787179786
0.322827305464
0.326867431141
0.330907556819
0.334947682496
0.338987808174
0.343027933852
0.347068059529
0.351108185207
0.355148310884
0.359188436562
0.363228562239
0.367268687917
0.371308813595
0.375348939272
0.37938906495
0.383429190627
0.387469316305
0.391509441982
0.39554956766
0.399589693337
0.403629819015
0.407669944693
0.41171007037
0.415750196048
0.419790321725
0.423830447403
0.42787057308
0.431910698758
0.435950824436
0.439990950113
0.444031075791
0.448071201468
0.452111327146
0.456151452823
0.460191578501
0.464231704178
0.468271829856
0.472311955534
0.476352081211
0.480392206889
0.484432332566
0.488472458244
0.492512583921
0.496552709599
0.500592835277
0.504632960954
0.508673086632
0.512713212309
0.516753337987
0.520793463664
0.524833589342
0.528873715019
0.532913840697
0.536953966375
0.540994092052
0.54503421773
0.549074343407
0.553114469085
0.557154594762
0.56119472044
0.565234846118
0.569274971795
0.573315097473
0.57735522315
0.581395348828
0.585435474505
0.589475600183
0.593515725861
0.597555851538
0.601595977216
0.605636102893
0.609676228571
0.613716354248
0.617756479926
0.621796605603
0.625836731281
0.629876856959
0.633916982636
0.637957108314
0.641997233991
0.646037359669
0.650077485346
0.654117611024
0.658157736702
0.662197862379
0.666237988057
0.670278113734
0.674318239412
0.678358365089
0.682398490767
0.686438616444
0.690478742122
0.6945188678
0.698558993477
0.702599119155
0.706639244832
0.71067937051
0.714719496187
0.718759621865
0.722799747543
0.72683987322
0.730879998898
0.734920124575
0.738960250253
0.74300037593
0.747040501608
0.751080627285
0.755120752963
0.759160878641
0.763201004318
0.767241129996
0.771281255673
0.775321381351
0.779361507028
0.783401632706
0.787441758384
0.791481884061
0.795522009739
0.799562135416
0.803602261094
0.807642386771
0.811682512449
0.815722638126
0.819762763804
0.823802889482
0.827843015159
0.831883140837
0.835923266514
0.839963392192
0.844003517869
0.848043643547
0.852083769225
0.856123894902
0.86016402058
0.864204146257
0.868244271935
0.872284397612
0.87632452329
0.880364648968
0.884404774645
0.888444900323
0.892485026
0.896525151678
0.900565277355
0.904605403033
0.90864552871
0.912685654388
0.916725780066
0.920765905743
0.924806031421
0.928846157098
0.932886282776
0.936926408453
0.940966534131
0.945006659809
0.949046785486
0.953086911164
0.957127036841
0.961167162519
0.965207288196
0.969247413874
0.973287539551
0.977327665229
0.981367790907
0.985407916584
0.989448042262
0.993488167939
0.997528293617
1.00156841929
1.00560854497
1.00964867065
1.01368879633
1.017728922
1.02176904768
1.02580917336
1.02984929904
1.03388942471
1.03792955039
1.04196967607
1.04600980175
1.05004992743
1.0540900531
1.05813017878
1.06217030446
1.06621043014
1.07025055581
1.07429068149
1.07833080717
1.08237093285
1.08641105852
1.0904511842
1.09449130988
1.09853143556
1.10257156123
1.10661168691
1.11065181259
1.11469193827
1.11873206394
1.12277218962
1.1268123153
1.13085244098
1.13489256665
1.13893269233
1.14297281801
1.14701294369
1.15105306936
1.15509319504
1.15913332072
1.1631734464
1.16721357207
1.17125369775
1.17529382343
1.17933394911
1.18337407478
1.18741420046
1.19145432614
1.19549445182
1.1995345775
1.20357470317
1.20761482885
1.21165495453
1.21569508021
1.21973520588
1.22377533156
1.22781545724
1.23185558292
1.23589570859
1.23993583427
1.24397595995
1.24801608563
1.2520562113
1.25609633698
1.26013646266
1.26417658834
1.26821671401
1.27225683969
1.27629696537
1.28033709105
1.28437721672
1.2884173424
1.29245746808
1.29649759376
1.30053771943
1.30457784511
1.30861797079
1.31265809647
1.31669822214
1.32073834782
1.3247784735
1.32881859918
1.33285872485
1.33689885053
1.34093897621
1.34497910189
1.34901922756
1.35305935324
1.35709947892
1.3611396046
1.36517973028
1.36921985595
1.37325998163
1.37730010731
1.38134023299
1.38538035866
1.38942048434
1.39346061002
1.3975007357
1.40154086137
1.40558098705
1.40962111273
1.41366123841
1.41770136408
1.42174148976
1.42578161544
1.42982174112
1.43386186679
1.43790199247
1.44194211815
1.44598224383
1.4500223695
1.45406249518
1.45810262086
1.46214274654
1.46618287221
1.47022299789
1.47426312357
1.47830324925
1.48234337492
1.4863835006
1.49042362628
1.49446375196
1.49850387763
1.50254400331
1.50658412899
1.51062425467
1.51466438034
1.51870450602
1.5227446317
1.52678475738
1.53082488306
1.53486500873
1.53890513441
1.54294526009
1.54698538577
1.55102551144
1.55506563712
1.5591057628
1.56314588848
1.56718601415
1.57122613983
1.57526626551
1.57930639119
1.58334651686
1.58738664254
1.59142676822
1.5954668939
1.59950701957
1.60354714525
1.60758727093
1.61162739661
1.61566752228
1.61970764796
1.62374777364
1.62778789932
1.63182802499
1.63586815067
1.63990827635
1.64394840203
1.6479885277
1.65202865338
1.65606877906
1.66010890474
1.66414903041
1.66818915609
1.67222928177
1.67626940745
1.68030953313
1.6843496588
1.68838978448
1.69242991016
1.69647003584
1.70051016151
1.70455028719
1.70859041287
1.71263053855
1.71667066422
1.7207107899
1.72475091558
1.72879104126
1.73283116693
1.73687129261
1.74091141829
1.74495154397
1.74899166964
1.75303179532
1.757071921
1.76111204668
1.76515217235
1.76919229803
1.77323242371
1.77727254939
1.78131267506
1.78535280074
1.78939292642
1.7934330521
1.79747317777
1.80151330345
1.80555342913
1.80959355481
1.81363368048
1.81767380616
1.82171393184
1.82575405752
1.82979418319
1.83383430887
1.83787443455
1.84191456023
1.84595468591
1.84999481158
1.85403493726
1.85807506294
1.86211518862
1.86615531429
1.87019543997
1.87423556565
1.87827569133
1.882315817
1.88635594268
1.89039606836
1.89443619404
1.89847631971
1.90251644539
1.90655657107
1.91059669675
1.91463682242
1.9186769481
1.92271707378
1.92675719946
1.93079732513
1.93483745081
1.93887757649
1.94291770217
1.94695782784
1.95099795352
1.9550380792
1.95907820488
1.96311833055
1.96715845623
1.97119858191
1.97523870759
1.97927883326
1.98331895894
1.98735908462
1.9913992103
1.99543933597
1.99947946165
2.00351958733
2.00755971301
2.01159983869
2.01563996436
2.01968009004
2.02372021572
2.0277603414
2.03180046707
2.03584059275
2.03988071843
2.04392084411
2.04796096978
2.05200109546
2.05604122114
2.06008134682
2.06412147249
2.06816159817
2.07220172385
2.07624184953
2.0802819752
2.08432210088
2.08836222656
2.09240235224
2.09644247791
2.10048260359
2.10452272927
2.10856285495
2.11260298062
2.1166431063
2.12068323198
2.12472335766
2.12876348333
2.13280360901
2.13684373469
2.14088386037
2.14492398604
2.14896411172
2.1530042374
2.15704436308
2.16108448876
2.16512461443
2.16916474011
2.17320486579
2.17724499147
2.18128511714
2.18532524282
2.1893653685
2.19340549418
2.19744561985
2.20148574553
2.20552587121
2.20956599689
2.21360612256
2.21764624824
2.22168637392
2.2257264996
2.22976662527
2.23380675095
2.23784687663
2.24188700231
2.24592712798
2.24996725366
2.25400737934
2.25804750502
2.26208763069
2.26612775637
2.27016788205
2.27420800773
2.2782481334
2.28228825908
2.28632838476
2.29036851044
2.29440863611
2.29844876179
2.30248888747
2.30652901315
2.31056913882
2.3146092645
2.31864939018
2.32268951586
2.32672964154
2.33076976721
2.33480989289
2.33885001857
2.34289014425
2.34693026992
2.3509703956
2.35501052128
2.35905064696
2.36309077263
2.36713089831
2.37117102399
2.37521114967
2.37925127534
2.38329140102
2.3873315267
2.39137165238
2.39541177805
2.39945190373
2.40349202941
2.40753215509
2.41157228076
2.41561240644
2.41965253212
2.4236926578
2.42773278347
2.43177290915
2.43581303483
2.43985316051
2.44389328618
2.44793341186
2.45197353754
2.45601366322
2.46005378889
2.46409391457
2.46813404025
2.47217416593
2.47621429161
2.48025441728
2.48429454296
2.48833466864
2.49237479432
2.49641491999
2.50045504567
2.50449517135
2.50853529703
2.5125754227
2.51661554838
2.52065567406
2.52469579974
2.52873592541
2.53277605109
2.53681617677
2.54085630245
2.54489642812
2.5489365538
2.55297667948
2.55701680516
2.56105693083
2.56509705651
2.56913718219
2.57317730787
2.57721743354
2.58125755922
2.5852976849
2.58933781058
2.59337793625
2.59741806193
2.60145818761
2.60549831329
2.60953843896
2.61357856464
2.61761869032
2.621658816
2.62569894167
2.62973906735
2.63377919303
2.63781931871
2.64185944439
2.64589957006
2.64993969574
2.65397982142
2.6580199471
2.66206007277
2.66610019845
2.67014032413
2.67418044981
2.67822057548
2.68226070116
2.68630082684
2.69034095252
2.69438107819
2.69842120387
2.70246132955
2.70650145523
2.7105415809
2.71458170658
2.71862183226
2.72266195794
2.72670208361
2.73074220929
2.73478233497
2.73882246065
2.74286258632
2.746902712
2.75094283768
2.75498296336
2.75902308903
2.76306321471
2.76710334039
2.77114346607
2.77518359174
2.77922371742
2.7832638431
2.78730396878
2.79134409445
2.79538422013
2.79942434581
2.80346447149
2.80750459717
2.81154472284
2.81558484852
2.8196249742
2.82366509988
2.82770522555
2.83174535123
2.83578547691
2.83982560259
2.84386572826
2.84790585394
2.85194597962
2.8559861053
2.86002623097
2.86406635665
2.86810648233
2.87214660801
2.87618673368
2.88022685936
2.88426698504
2.88830711072
2.89234723639
2.89638736207
2.90042748775
2.90446761343
2.9085077391
2.91254786478
2.91658799046
2.92062811614
2.92466824181
2.92870836749
2.93274849317
2.93678861885
2.94082874452
2.9448688702
2.94890899588
2.95294912156
2.95698924724
2.96102937291
2.96506949859
2.96910962427
2.97314974995
2.97718987562
2.9812300013
2.98527012698
2.98931025266
2.99335037833
2.99739050401
3.00143062969
3.00547075537
3.00951088104
3.01355100672
3.0175911324
3.02163125808
3.02567138375
3.02971150943
3.03375163511
3.03779176079
3.04183188646
3.04587201214
3.04991213782
3.0539522635
3.05799238917
3.06203251485
3.06607264053
3.07011276621
3.07415289188
3.07819301756
3.08223314324
3.08627326892
3.09031339459
3.09435352027
3.09839364595
3.10243377163
3.1064738973
3.11051402298
3.11455414866
3.11859427434
3.12263440002
3.12667452569
3.13071465137
3.13475477705
3.13879490273
3.1428350284
3.14687515408
3.15091527976
3.15495540544
3.15899553111
3.16303565679
3.16707578247
3.17111590815
3.17515603382
3.1791961595
3.18323628518
3.18727641086
3.19131653653
3.19535666221
3.19939678789
3.20343691357
3.20747703924
3.21151716492
3.2155572906
3.21959741628
3.22363754195
3.22767766763
3.23171779331
3.23575791899
3.23979804466
3.24383817034
3.24787829602
3.2519184217
3.25595854737
3.25999867305
3.26403879873
3.26807892441
3.27211905009
3.27615917576
3.28019930144
3.28423942712
3.2882795528
3.29231967847
3.29635980415
3.30039992983
3.30444005551
3.30848018118
3.31252030686
3.31656043254
3.32060055822
3.32464068389
3.32868080957
3.33272093525
3.33676106093
3.3408011866
3.34484131228
3.34888143796
3.35292156364
3.35696168931
3.36100181499
3.36504194067
3.36908206635
3.37312219202
3.3771623177
3.38120244338
3.38524256906
3.38928269473
3.39332282041
3.39736294609
3.40140307177
3.40544319744
3.40948332312
3.4135234488
3.41756357448
3.42160370015
3.42564382583
3.42968395151
3.43372407719
3.43776420287
3.44180432854
3.44584445422
3.4498845799
3.45392470558
3.45796483125
3.46200495693
3.46604508261
3.47008520829
3.47412533396
3.47816545964
3.48220558532
3.486245711
3.49028583667
3.49432596235
3.49836608803
3.50240621371
3.50644633938
3.51048646506
3.51452659074
3.51856671642
3.52260684209
3.52664696777
3.53068709345
3.53472721913
3.5387673448
3.54280747048
3.54684759616
3.55088772184
3.55492784751
3.55896797319
3.56300809887
3.56704822455
3.57108835022
3.5751284759
3.57916860158
3.58320872726
3.58724885293
3.59128897861
3.59532910429
3.59936922997
3.60340935565
3.60744948132
3.611489607
3.61552973268
3.61956985836
3.62360998403
3.62765010971
3.63169023539
3.63573036107
3.63977048674
3.64381061242
3.6478507381
3.65189086378
3.65593098945
3.65997111513
3.66401124081
3.66805136649
3.67209149216
3.67613161784
3.68017174352
3.6842118692
3.68825199487
3.69229212055
3.69633224623
3.70037237191
3.70441249758
3.70845262326
3.71249274894
3.71653287462
3.72057300029
3.72461312597
3.72865325165
3.73269337733
3.736733503
3.74077362868
3.74481375436
3.74885388004
3.75289400572
3.75693413139
3.76097425707
3.76501438275
3.76905450843
3.7730946341
3.77713475978
3.78117488546
3.78521501114
3.78925513681
3.79329526249
3.79733538817
3.80137551385
3.80541563952
3.8094557652
3.81349589088
3.81753601656
3.82157614223
3.82561626791
3.82965639359
3.83369651927
3.83773664494
3.84177677062
3.8458168963
3.84985702198
3.85389714765
3.85793727333
3.86197739901
3.86601752469
3.87005765036
3.87409777604
3.87813790172
3.8821780274
3.88621815307
3.89025827875
3.89429840443
3.89833853011
3.90237865578
3.90641878146
3.91045890714
3.91449903282
3.9185391585
3.92257928417
3.92661940985
3.93065953553
3.93469966121
3.93873978688
3.94277991256
3.94682003824
3.95086016392
3.95490028959
3.95894041527
3.96298054095
3.96702066663
3.9710607923
3.97510091798
3.97914104366
3.98318116934
3.98722129501
3.99126142069
3.99530154637
3.99934167205
4.00338179772
4.0074219234
4.01146204908
4.01550217476
4.01954230043
4.02358242611
4.02762255179
4.03166267747
4.03570280314
4.03974292882
4.0437830545
4.04782318018
4.05186330585
4.05590343153
4.05994355721
4.06398368289
4.06802380857
4.07206393424
4.07610405992
4.0801441856
4.08418431128
4.08822443695
4.09226456263
4.09630468831
4.10034481399
4.10438493966
4.10842506534
4.11246519102
4.1165053167
4.12054544237
4.12458556805
4.12862569373
4.13266581941
4.13670594508
4.14074607076
4.14478619644
4.14882632212
4.15286644779
4.15690657347
4.16094669915
4.16498682483
4.1690269505
4.17306707618
4.17710720186
4.18114732754
4.18518745321
4.18922757889
4.19326770457
4.19730783025
4.20134795592
4.2053880816
4.20942820728
4.21346833296
4.21750845863
4.22154858431
4.22558870999
4.22962883567
4.23366896135
4.23770908702
4.2417492127
4.24578933838
4.24982946406
4.25386958973
4.25790971541
4.26194984109
4.26598996677
4.27003009244
4.27407021812
4.2781103438
4.28215046948
4.28619059515
4.29023072083
4.29427084651
4.29831097219
4.30235109786
4.30639122354
4.31043134922
4.3144714749
4.31851160057
4.32255172625
4.32659185193
4.33063197761
4.33467210328
4.33871222896
4.34275235464
4.34679248032
4.35083260599
4.35487273167
4.35891285735
4.36295298303
4.3669931087
4.37103323438
4.37507336006
4.37911348574
4.38315361141
4.38719373709
4.39123386277
4.39527398845
4.39931411413
4.4033542398
4.40739436548
4.41143449116
4.41547461684
4.41951474251
4.42355486819
4.42759499387
4.43163511955
4.43567524522
4.4397153709
4.44375549658
4.44779562226
4.45183574793
4.45587587361
4.45991599929
4.46395612497
4.46799625064
4.47203637632
4.476076502
4.48011662768
4.48415675335
4.48819687903
4.49223700471
4.49627713039
4.50031725606
4.50435738174
4.50839750742
4.5124376331
4.51647775877
4.52051788445
4.52455801013
4.52859813581
4.53263826148
4.53667838716
4.54071851284
4.54475863852
4.5487987642
4.55283888987
4.55687901555
4.56091914123
4.56495926691
4.56899939258
4.57303951826
4.57707964394
4.58111976962
4.58515989529
4.58920002097
4.59324014665
4.59728027233
4.601320398
4.60536052368
4.60940064936
4.61344077504
4.61748090071
4.62152102639
4.62556115207
4.62960127775
4.63364140342
4.6376815291
4.64172165478
4.64576178046
4.64980190613
4.65384203181
4.65788215749
4.66192228317
4.66596240884
4.67000253452
4.6740426602
4.67808278588
4.68212291155
4.68616303723
4.69020316291
4.69424328859
4.69828341426
4.70232353994
4.70636366562
4.7104037913
4.71444391698
4.71848404265
4.72252416833
4.72656429401
4.73060441969
4.73464454536
4.73868467104
4.74272479672
4.7467649224
4.75080504807
4.75484517375
4.75888529943
4.76292542511
4.76696555078
4.77100567646
4.77504580214
4.77908592782
4.78312605349
4.78716617917
4.79120630485
4.79524643053
4.7992865562
4.80332668188
4.80736680756
4.81140693324
4.81544705891
4.81948718459
4.82352731027
4.82756743595
4.83160756162
4.8356476873
4.83968781298
4.84372793866
4.84776806433
4.85180819001
4.85584831569
4.85988844137
4.86392856704
4.86796869272
4.8720088184
4.87604894408
4.88008906976
4.88412919543
4.88816932111
4.89220944679
4.89624957247
4.90028969814
4.90432982382
4.9083699495
4.91241007518
4.91645020085
4.92049032653
4.92453045221
4.92857057789
4.93261070356
4.93665082924
4.94069095492
4.9447310806
4.94877120627
4.95281133195
4.95685145763
4.96089158331
4.96493170898
4.96897183466
4.97301196034
4.97705208602
4.98109221169
4.98513233737
4.98917246305
4.99321258873
4.9972527144
5.00129284008
5.00533296576
5.00937309144
5.01341321711
5.01745334279
5.02149346847
5.02553359415
5.02957371983
5.0336138455
5.03765397118
5.04169409686
5.04573422254
5.04977434821
5.05381447389
5.05785459957
5.06189472525
5.06593485092
5.0699749766
5.07401510228
5.07805522796
5.08209535363
5.08613547931
5.09017560499
5.09421573067
5.09825585634
5.10229598202
5.1063361077
5.11037623338
5.11441635905
5.11845648473
5.12249661041
5.12653673609
5.13057686176
5.13461698744
5.13865711312
5.1426972388
5.14673736447
5.15077749015
5.15481761583
5.15885774151
5.16289786718
5.16693799286
5.17097811854
5.17501824422
5.17905836989
5.18309849557
5.18713862125
5.19117874693
5.19521887261
5.19925899828
5.20329912396
5.20733924964
5.21137937532
5.21541950099
5.21945962667
5.22349975235
5.22753987803
5.2315800037
5.23562012938
5.23966025506
5.24370038074
5.24774050641
5.25178063209
5.25582075777
5.25986088345
5.26390100912
5.2679411348
5.27198126048
5.27602138616
5.28006151183
5.28410163751
5.28814176319
5.29218188887
5.29622201454
5.30026214022
5.3043022659
5.30834239158
5.31238251725
5.31642264293
5.32046276861
5.32450289429
5.32854301996
5.33258314564
5.33662327132
5.340663397
5.34470352268
5.34874364835
5.35278377403
5.35682389971
5.36086402539
5.36490415106
5.36894427674
5.37298440242
5.3770245281
5.38106465377
5.38510477945
5.38914490513
5.39318503081
5.39722515648
5.40126528216
5.40530540784
5.40934553352
5.41338565919
5.41742578487
5.42146591055
5.42550603623
5.4295461619
5.43358628758
5.43762641326
5.44166653894
5.44570666461
5.44974679029
5.45378691597
5.45782704165
5.46186716732
5.465907293
5.46994741868
5.47398754436
5.47802767003
5.48206779571
5.48610792139
5.49014804707
5.49418817274
5.49822829842
5.5022684241
5.50630854978
5.51034867546
5.51438880113
5.51842892681
5.52246905249
5.52650917817
5.53054930384
5.53458942952
5.5386295552
5.54266968088
5.54670980655
5.55074993223
5.55479005791
5.55883018359
5.56287030926
5.56691043494
5.57095056062
5.5749906863
5.57903081197
5.58307093765
5.58711106333
5.59115118901
5.59519131468
5.59923144036
5.60327156604
5.60731169172
5.61135181739
5.61539194307
5.61943206875
5.62347219443
5.6275123201
5.63155244578
5.63559257146
5.63963269714
5.64367282281
5.64771294849
5.65175307417
5.65579319985
5.65983332552
5.6638734512
5.66791357688
5.67195370256
5.67599382824
5.68003395391
5.68407407959
5.68811420527
5.69215433095
5.69619445662
5.7002345823
5.70427470798
5.70831483366
5.71235495933
5.71639508501
5.72043521069
5.72447533637
5.72851546204
5.73255558772
5.7365957134
5.74063583908
5.74467596475
5.74871609043
5.75275621611
5.75679634179
5.76083646746
5.76487659314
5.76891671882
5.7729568445
5.77699697017
5.78103709585
5.78507722153
5.78911734721
5.79315747288
5.79719759856
5.80123772424
5.80527784992
5.80931797559
5.81335810127
5.81739822695
5.82143835263
5.82547847831
5.82951860398
5.83355872966
5.83759885534
5.84163898102
5.84567910669
5.84971923237
5.85375935805
5.85779948373
5.8618396094
5.86587973508
5.86991986076
5.87395998644
5.87800011211
5.88204023779
5.88608036347
5.89012048915
5.89416061482
5.8982007405
5.90224086618
5.90628099186
5.91032111753
5.91436124321
5.91840136889
5.92244149457
5.92648162024
5.93052174592
5.9345618716
5.93860199728
5.94264212295
5.94668224863
5.95072237431
5.95476249999
5.95880262566
5.96284275134
5.96688287702
5.9709230027
5.97496312837
5.97900325405
5.98304337973
5.98708350541
5.99112363109
5.99516375676
5.99920388244
6.00324400812
6.0072841338
6.01132425947
6.01536438515
6.01940451083
6.02344463651
6.02748476218
6.03152488786
6.03556501354
6.03960513922
6.04364526489
6.04768539057
6.05172551625
6.05576564193
6.0598057676
6.06384589328
6.06788601896
6.07192614464
6.07596627031
6.08000639599
6.08404652167
6.08808664735
6.09212677302
6.0961668987
6.10020702438
6.10424715006
6.10828727573
6.11232740141
6.11636752709
6.12040765277
6.12444777844
6.12848790412
6.1325280298
6.13656815548
6.14060828116
6.14464840683
6.14868853251
6.15272865819
6.15676878387
6.16080890954
6.16484903522
6.1688891609
6.17292928658
6.17696941225
6.18100953793
6.18504966361
6.18908978929
6.19312991496
6.19717004064
6.20121016632
6.205250292
6.20929041767
6.21333054335
6.21737066903
6.22141079471
6.22545092038
6.22949104606
6.23353117174
6.23757129742
6.24161142309
6.24565154877
6.24969167445
6.25373180013
6.2577719258
6.26181205148
6.26585217716
6.26989230284
6.27393242851
6.27797255419
6.28201267987
6.28605280555
6.29009293122
6.2941330569
6.29817318258
6.30221330826
6.30625343394
6.31029355961
6.31433368529
6.31837381097
6.32241393665
6.32645406232
6.330494188
6.33453431368
6.33857443936
6.34261456503
6.34665469071
6.35069481639
6.35473494207
6.35877506774
6.36281519342
6.3668553191
6.37089544478
6.37493557045
6.37897569613
6.38301582181
6.38705594749
6.39109607316
6.39513619884
6.39917632452
6.4032164502
6.40725657587
6.41129670155
6.41533682723
6.41937695291
6.42341707858
6.42745720426
6.43149732994
6.43553745562
6.43957758129
6.44361770697
6.44765783265
6.45169795833
6.455738084
6.45977820968
6.46381833536
6.46785846104
6.47189858672
6.47593871239
6.47997883807
6.48401896375
6.48805908943
6.4920992151
6.49613934078
6.50017946646
6.50421959214
6.50825971781
6.51229984349
6.51633996917
6.52038009485
6.52442022052
6.5284603462
6.53250047188
6.53654059756
6.54058072323
6.54462084891
6.54866097459
6.55270110027
6.55674122594
6.56078135162
6.5648214773
6.56886160298
6.57290172865
6.57694185433
6.58098198001
6.58502210569
6.58906223136
6.59310235704
6.59714248272
6.6011826084
6.60522273407
6.60926285975
6.61330298543
6.61734311111
6.62138323679
6.62542336246
6.62946348814
6.63350361382
6.6375437395
6.64158386517
6.64562399085
6.64966411653
6.65370424221
6.65774436788
6.66178449356
6.66582461924
6.66986474492
6.67390487059
6.67794499627
6.68198512195
6.68602524763
6.6900653733
6.69410549898
6.69814562466
6.70218575034
6.70622587601
6.71026600169
6.71430612737
6.71834625305
6.72238637872
6.7264265044
6.73046663008
6.73450675576
6.73854688143
6.74258700711
6.74662713279
6.75066725847
6.75470738414
6.75874750982
6.7627876355
6.76682776118
6.77086788685
6.77490801253
6.77894813821
6.78298826389
6.78702838957
6.79106851524
6.79510864092
6.7991487666
6.80318889228
6.80722901795
6.81126914363
6.81530926931
6.81934939499
6.82338952066
6.82742964634
6.83146977202
6.8355098977
6.83955002337
6.84359014905
6.84763027473
6.85167040041
6.85571052608
6.85975065176
6.86379077744
6.86783090312
6.87187102879
6.87591115447
6.87995128015
6.88399140583
6.8880315315
6.89207165718
6.89611178286
6.90015190854
6.90419203421
6.90823215989
6.91227228557
6.91631241125
6.92035253692
6.9243926626
6.92843278828
6.93247291396
6.93651303963
6.94055316531
6.94459329099
6.94863341667
6.95267354235
6.95671366802
6.9607537937
6.96479391938
6.96883404506
6.97287417073
6.97691429641
6.98095442209
6.98499454777
6.98903467344
6.99307479912
6.9971149248
7.00115505048
7.00519517615
7.00923530183
7.01327542751
7.01731555319
7.02135567886
7.02539580454
7.02943593022
7.0334760559
7.03751618157
7.04155630725
7.04559643293
7.04963655861
7.05367668428
7.05771680996
7.06175693564
7.06579706132
7.06983718699
7.07387731267
7.07791743835
7.08195756403
7.0859976897
7.09003781538
7.09407794106
7.09811806674
7.10215819242
7.10619831809
7.11023844377
7.11427856945
7.11831869513
7.1223588208
7.12639894648
7.13043907216
7.13447919784
7.13851932351
7.14255944919
7.14659957487
7.15063970055
7.15467982622
7.1587199519
7.16276007758
7.16680020326
7.17084032893
7.17488045461
7.17892058029
7.18296070597
7.18700083164
7.19104095732
7.195081083
7.19912120868
7.20316133435
7.20720146003
7.21124158571
7.21528171139
7.21932183706
7.22336196274
7.22740208842
7.2314422141
7.23548233977
7.23952246545
7.24356259113
7.24760271681
7.25164284248
7.25568296816
7.25972309384
7.26376321952
7.2678033452
7.27184347087
7.27588359655
7.27992372223
7.28396384791
7.28800397358
7.29204409926
7.29608422494
7.30012435062
7.30416447629
7.30820460197
7.31224472765
7.31628485333
7.320324979
7.32436510468
7.32840523036
7.33244535604
7.33648548171
7.34052560739
7.34456573307
7.34860585875
7.35264598442
7.3566861101
7.36072623578
7.36476636146
7.36880648713
7.37284661281
7.37688673849
7.38092686417
7.38496698984
7.38900711552
7.3930472412
7.39708736688
7.40112749255
7.40516761823
7.40920774391
7.41324786959
7.41728799527
7.42132812094
7.42536824662
7.4294083723
7.43344849798
7.43748862365
7.44152874933
7.44556887501
7.44960900069
7.45364912636
7.45768925204
7.46172937772
7.4657695034
7.46980962907
7.47384975475
7.47788988043
7.48193000611
7.48597013178
7.49001025746
7.49405038314
7.49809050882
7.50213063449
7.50617076017
7.51021088585
7.51425101153
7.5182911372
7.52233126288
7.52637138856
7.53041151424
7.53445163991
7.53849176559
7.54253189127
7.54657201695
7.55061214262
7.5546522683
7.55869239398
7.56273251966
7.56677264533
7.57081277101
7.57485289669
7.57889302237
7.58293314805
7.58697327372
7.5910133994
7.59505352508
7.59909365076
7.60313377643
7.60717390211
7.61121402779
7.61525415347
7.61929427914
7.62333440482
7.6273745305
7.63141465618
7.63545478185
7.63949490753
7.64353503321
7.64757515889
7.65161528456
7.65565541024
7.65969553592
7.6637356616
7.66777578727
7.67181591295
7.67585603863
7.67989616431
7.68393628998
7.68797641566
7.69201654134
7.69605666702
7.70009679269
7.70413691837
7.70817704405
7.71221716973
7.7162572954
7.72029742108
7.72433754676
7.72837767244
7.73241779811
7.73645792379
7.74049804947
7.74453817515
7.74857830083
7.7526184265
7.75665855218
7.76069867786
7.76473880354
7.76877892921
7.77281905489
7.77685918057
7.78089930625
7.78493943192
7.7889795576
7.79301968328
7.79705980896
7.80109993463
7.80514006031
7.80918018599
7.81322031167
7.81726043734
7.82130056302
7.8253406887
7.82938081438
7.83342094005
7.83746106573
7.84150119141
7.84554131709
7.84958144276
7.85362156844
7.85766169412
7.8617018198
7.86574194547
7.86978207115
7.87382219683
7.87786232251
7.88190244818
7.88594257386
7.88998269954
7.89402282522
7.8980629509
7.90210307657
7.90614320225
7.91018332793
7.91422345361
7.91826357928
7.92230370496
7.92634383064
7.93038395632
7.93442408199
7.93846420767
7.94250433335
7.94654445903
7.9505845847
7.95462471038
7.95866483606
7.96270496174
7.96674508741
7.97078521309
7.97482533877
7.97886546445
7.98290559012
7.9869457158
7.99098584148
7.99502596716
7.99906609283
8.00310621851
8.00714634419
8.01118646987
8.01522659554
8.01926672122
8.0233068469
8.02734697258
8.03138709825
8.03542722393
8.03946734961
8.04350747529
8.04754760096
8.05158772664
8.05562785232
8.059667978
8.06370810368
8.06774822935
8.07178835503
8.07582848071
8.07986860639
8.08390873206
8.08794885774
8.09198898342
8.0960291091
8.10006923477
8.10410936045
8.10814948613
8.11218961181
8.11622973748
8.12026986316
8.12430998884
8.12835011452
8.13239024019
8.13643036587
8.14047049155
8.14451061723
8.1485507429
8.15259086858
8.15663099426
8.16067111994
8.16471124561
8.16875137129
8.17279149697
8.17683162265
8.18087174832
8.184911874
8.18895199968
8.19299212536
8.19703225103
8.20107237671
8.20511250239
8.20915262807
8.21319275375
8.21723287942
8.2212730051
8.22531313078
8.22935325646
8.23339338213
8.23743350781
8.24147363349
8.24551375917
8.24955388484
8.25359401052
8.2576341362
8.26167426188
8.26571438755
8.26975451323
8.27379463891
8.27783476459
8.28187489026
8.28591501594
8.28995514162
8.2939952673
8.29803539297
8.30207551865
8.30611564433
8.31015577001
8.31419589568
8.31823602136
8.32227614704
8.32631627272
8.33035639839
8.33439652407
8.33843664975
8.34247677543
8.3465169011
8.35055702678
8.35459715246
8.35863727814
8.36267740381
8.36671752949
8.37075765517
8.37479778085
8.37883790653
8.3828780322
8.38691815788
8.39095828356
8.39499840924
8.39903853491
8.40307866059
8.40711878627
8.41115891195
8.41519903762
8.4192391633
8.42327928898
8.42731941466
8.43135954033
8.43539966601
8.43943979169
8.44347991737
8.44752004304
8.45156016872
8.4556002944
8.45964042008
8.46368054575
8.46772067143
8.47176079711
8.47580092279
8.47984104846
8.48388117414
8.48792129982
8.4919614255
8.49600155117
8.50004167685
8.50408180253
8.50812192821
8.51216205388
8.51620217956
8.52024230524
8.52428243092
8.52832255659
8.53236268227
8.53640280795
8.54044293363
8.54448305931
8.54852318498
8.55256331066
8.55660343634
8.56064356202
8.56468368769
8.56872381337
8.57276393905
8.57680406473
8.5808441904
8.58488431608
8.58892444176
8.59296456744
8.59700469311
8.60104481879
8.60508494447
8.60912507015
8.61316519582
8.6172053215
8.62124544718
8.62528557286
8.62932569853
8.63336582421
8.63740594989
8.64144607557
8.64548620124
8.64952632692
8.6535664526
8.65760657828
8.66164670395
8.66568682963
8.66972695531
8.67376708099
8.67780720666
8.68184733234
8.68588745802
8.6899275837
8.69396770938
8.69800783505
8.70204796073
8.70608808641
8.71012821209
8.71416833776
8.71820846344
8.72224858912
8.7262887148
8.73032884047
8.73436896615
8.73840909183
8.74244921751
8.74648934318
8.75052946886
8.75456959454
8.75860972022
8.76264984589
8.76668997157
8.77073009725
8.77477022293
8.7788103486
8.78285047428
8.78689059996
8.79093072564
8.79497085131
8.79901097699
8.80305110267
8.80709122835
8.81113135402
8.8151714797
8.81921160538
8.82325173106
8.82729185673
8.83133198241
8.83537210809
8.83941223377
8.84345235944
8.84749248512
8.8515326108
8.85557273648
8.85961286216
8.86365298783
8.86769311351
8.87173323919
8.87577336487
8.87981349054
8.88385361622
8.8878937419
8.89193386758
8.89597399325
8.90001411893
8.90405424461
8.90809437029
8.91213449596
8.91617462164
8.92021474732
8.924254873
8.92829499867
8.93233512435
8.93637525003
8.94041537571
8.94445550138
8.94849562706
8.95253575274
8.95657587842
8.96061600409
8.96465612977
8.96869625545
8.97273638113
8.9767765068
8.98081663248
8.98485675816
8.98889688384
8.99293700951
8.99697713519
9.00101726087
9.00505738655
9.00909751223
9.0131376379
9.01717776358
9.02121788926
9.02525801494
9.02929814061
9.03333826629
9.03737839197
9.04141851765
9.04545864332
9.049498769
9.05353889468
9.05757902036
9.06161914603
9.06565927171
9.06969939739
9.07373952307
9.07777964874
9.08181977442
9.0858599001
9.08990002578
9.09394015145
9.09798027713
9.10202040281
9.10606052849
9.11010065416
9.11414077984
9.11818090552
9.1222210312
9.12626115687
9.13030128255
9.13434140823
9.13838153391
9.14242165958
9.14646178526
9.15050191094
9.15454203662
9.15858216229
9.16262228797
9.16666241365
9.17070253933
9.17474266501
9.17878279068
9.18282291636
9.18686304204
9.19090316772
9.19494329339
9.19898341907
9.20302354475
9.20706367043
9.2111037961
9.21514392178
9.21918404746
9.22322417314
9.22726429881
9.23130442449
9.23534455017
9.23938467585
9.24342480152
9.2474649272
9.25150505288
9.25554517856
9.25958530423
9.26362542991
9.26766555559
9.27170568127
9.27574580694
9.27978593262
9.2838260583
9.28786618398
9.29190630965
9.29594643533
9.29998656101
9.30402668669
9.30806681236
9.31210693804
9.31614706372
9.3201871894
9.32422731507
9.32826744075
9.33230756643
9.33634769211
9.34038781779
9.34442794346
9.34846806914
9.35250819482
9.3565483205
9.36058844617
9.36462857185
9.36866869753
9.37270882321
9.37674894888
9.38078907456
9.38482920024
9.38886932592
9.39290945159
9.39694957727
9.40098970295
9.40502982863
9.4090699543
9.41311007998
9.41715020566
9.42119033134
9.42523045701
9.42927058269
9.43331070837
9.43735083405
9.44139095972
9.4454310854
9.44947121108
9.45351133676
9.45755146243
9.46159158811
9.46563171379
9.46967183947
9.47371196514
9.47775209082
9.4817922165
9.48583234218
9.48987246786
9.49391259353
9.49795271921
9.50199284489
9.50603297057
9.51007309624
9.51411322192
9.5181533476
9.52219347328
9.52623359895
9.53027372463
9.53431385031
9.53835397599
9.54239410166
9.54643422734
9.55047435302
9.5545144787
9.55855460437
9.56259473005
9.56663485573
9.57067498141
9.57471510708
9.57875523276
9.58279535844
9.58683548412
9.59087560979
9.59491573547
9.59895586115
9.60299598683
9.6070361125
9.61107623818
9.61511636386
9.61915648954
9.62319661521
9.62723674089
9.63127686657
9.63531699225
9.63935711792
9.6433972436
9.64743736928
9.65147749496
9.65551762064
9.65955774631
9.66359787199
9.66763799767
9.67167812335
9.67571824902
9.6797583747
9.68379850038
9.68783862606
9.69187875173
9.69591887741
9.69995900309
9.70399912877
9.70803925444
9.71207938012
9.7161195058
9.72015963148
9.72419975715
9.72823988283
9.73228000851
9.73632013419
9.74036025986
9.74440038554
9.74844051122
9.7524806369
9.75652076257
9.76056088825
9.76460101393
9.76864113961
9.77268126528
9.77672139096
9.78076151664
9.78480164232
9.78884176799
9.79288189367
9.79692201935
9.80096214503
9.8050022707
9.80904239638
9.81308252206
9.81712264774
9.82116277342
9.82520289909
9.82924302477
9.83328315045
9.83732327613
9.8413634018
9.84540352748
9.84943047456
9.85339404743
9.85728983623
9.86111839498
9.8648802777
9.86857603841
9.87220623115
9.87577140993
9.87927212877
9.88270894169
9.88608240272
9.88939306588
9.8926414852
9.89582821468
9.89895380837
9.90201882027
9.90502380441
9.90796931482
9.91085590551
9.91368413051
9.91645454384
9.91916769952
9.92182415158
9.92442445403
9.92696916091
9.92945882622
9.931894004
9.93427524826
9.93660311303
9.93887815233
9.94110092019
9.94327197062
9.94539185765
9.94746113529
9.94948035758
9.95145007853
9.95337085217
9.95524323252
9.9570677736
9.95884502943
9.96057555403
9.96225990144
9.96389862566
9.96549228073
9.96704142066
9.96854659948
9.9700083712
9.97142728986
9.97280390947
9.97413878406
9.97543246765
9.97668551425
9.9778984779
9.97907191261
9.98020637241
9.98130241132
9.98236058336
9.98338144256
9.98436554293
9.9853134385
9.98622568329
9.98710283133
9.98794543663
9.98875405321
9.98952923511
9.99027153634
9.99098151092
9.99165971288
9.99230669624
9.99292301502
9.99350922324
9.99406587493
9.99459352411
9.99509272479
9.99556403101
9.99600799679
9.99642517614
9.99681612309
9.99718139166
9.99752153588
9.99783710976
9.99812866733
9.99839676261
9.99864194963
9.9988647824
9.99906581494
9.99924560129
9.99940469546
9.99954365147
9.99966302335
9.99976336512
9.9998452308
9.99990917441
9.99995574998
9.99998551153
9.99999901308
10.0
9.9999689247
9.99980398594
9.99949814963
9.99905265226
9.99846873035
9.99774762042
9.99689055899
9.99589878255
9.99477352764
9.99351603075
9.99212752841
9.99060925713
9.98896245342
9.98718835379
9.98528819477
9.98326321285
9.98111464456
9.97884372641
9.97645169491
9.97393978658
9.97130923793
9.96856128547
9.96569716571
9.96271811518
9.95962537038
9.95642016783
9.95310374403
9.94967733551
9.94614217878
9.94249951035
9.93875056673
9.93489658444
9.93093879999
9.92687844989
9.92271677067
9.91845499882
9.91409437087
9.90963612333
9.90508149271
9.90043171552
9.89568802829
9.89085166752
9.88592386972
9.88090587141
9.87579890911
9.87060421932
9.86532303856
9.85995660334
9.85450615018
9.84897291559
9.84335813609
9.83766304818
9.83188888838
9.82603689321
9.82010829917
9.81410434279
9.80802626057
9.80187528902
9.79565266467
9.78935962403
9.7829974036
9.7765672399
9.77007036945
9.76350802876
9.75688145434
9.75019188271
9.74344055038
9.73662869386
9.72975754966
9.72282835431
9.7158423443
9.70880075617
9.70170482641
9.69455579155
9.6873548881
9.68010335256
9.67280242146
9.66545333131
9.65805731862
9.6506156199
9.64312947168
9.63560011045
9.62802877274
9.62041669505
9.61276511391
9.60507526583
9.59734838731
9.58958571487
9.58178848503
9.5739579343
9.5660952992
9.55820181622
9.5502787219
9.54232725274
9.53434864526
9.52634413597
9.51832057393
9.51029579341
9.50227101289
9.49424623237
9.48622145184
9.47819667132
9.4701718908
9.46214711028
9.45412232975
9.44609754923
9.43807276871
9.43004798819
9.42202320767
9.41399842714
9.40597364662
9.3979488661
9.38992408558
9.38189930505
9.37387452453
9.36584974401
9.35782496349
9.34980018296
9.34177540244
9.33375062192
9.3257258414
9.31770106088
9.30967628035
9.30165149983
9.29362671931
9.28560193879
9.27757715826
9.26955237774
9.26152759722
9.2535028167
9.24547803618
9.23745325565
9.22942847513
9.22140369461
9.21337891409
9.20535413356
9.19732935304
9.18930457252
9.181279792
9.17325501148
9.16523023095
9.15720545043
9.14918066991
9.14115588939
9.13313110886
9.12510632834
9.11708154782
9.1090567673
9.10103198678
9.09300720625
9.08498242573
9.07695764521
9.06893286469
9.06090808416
9.05288330364
9.04485852312
9.0368337426
9.02880896207
9.02078418155
9.01275940103
9.00473462051
8.99670983999
8.98868505946
8.98066027894
8.97263549842
8.9646107179
8.95658593737
8.94856115685
8.94053637633
8.93251159581
8.92448681529
8.91646203476
8.90843725424
8.90041247372
8.8923876932
8.88436291267
8.87633813215
8.86831335163
8.86028857111
8.85226379059
8.84423901006
8.83621422954
8.82818944902
8.8201646685
8.81213988797
8.80411510745
8.79609032693
8.78806554641
8.78004076589
8.77201598536
8.76399120484
8.75596642432
8.7479416438
8.73991686327
8.73189208275
8.72386730223
8.71584252171
8.70781774118
8.69979296066
8.69176818014
8.68374339962
8.6757186191
8.66769383857
8.65966905805
8.65164427753
8.64361949701
8.63559471648
8.62756993596
8.61954515544
8.61152037492
8.6034955944
8.59547081387
8.58744603335
8.57942125283
8.57139647231
8.56337169178
8.55534691126
8.54732213074
8.53929735022
8.5312725697
8.52324778917
8.51522300865
8.50719822813
8.49917344761
8.49114866708
8.48312388656
8.47509910604
8.46707432552
8.45904954499
8.45102476447
8.44299998395
8.43497520343
8.42695042291
8.41892564238
8.41090086186
8.40287608134
8.39485130082
8.38682652029
8.37880173977
8.37077695925
8.36275217873
8.35472739821
8.34670261768
8.33867783716
8.33065305664
8.32262827612
8.31460349559
8.30657871507
8.29855393455
8.29052915403
8.28250437351
8.27447959298
8.26645481246
8.25843003194
8.25040525142
8.24238047089
8.23435569037
8.22633090985
8.21830612933
8.21028134881
8.20225656828
8.19423178776
8.18620700724
8.17818222672
8.17015744619
8.16213266567
8.15410788515
8.14608310463
8.1380583241
8.13003354358
8.12200876306
8.11398398254
8.10595920202
8.09793442149
8.08990964097
8.08188486045
8.07386007993
8.0658352994
8.05781051888
8.04978573836
8.04176095784
8.03373617732
8.02571139679
8.01768661627
8.00966183575
8.00163705523
7.9936122747
7.98558749418
7.97756271366
7.96953793314
7.96151315262
7.95348837209
7.94546359157
7.93743881105
7.92941403053
7.92138925
7.91336446948
7.90533968896
7.89731490844
7.88929012792
7.88126534739
7.87324056687
7.86521578635
7.85719100583
7.8491662253
7.84114144478
7.83311666426
7.82509188374
7.81706710321
7.80904232269
7.80101754217
7.79299276165
7.78496798113
7.7769432006
7.76891842008
7.76089363956
7.75286885904
7.74484407851
7.73681929799
7.72879451747
7.72076973695
7.71274495643
7.7047201759
7.69669539538
7.68867061486
7.68064583434
7.67262105381
7.66459627329
7.65657149277
7.64854671225
7.64052193173
7.6324971512
7.62447237068
7.61644759016
7.60842280964
7.60039802911
7.59237324859
7.58434846807
7.57632368755
7.56829890702
7.5602741265
7.55224934598
7.54422456546
7.53619978494
7.52817500441
7.52015022389
7.51212544337
7.50410066285
7.49607588232
7.4880511018
7.48002632128
7.47200154076
7.46397676024
7.45595197971
7.44792719919
7.43990241867
7.43187763815
7.42385285762
7.4158280771
7.40780329658
7.39977851606
7.39175373554
7.38372895501
7.37570417449
7.36767939397
7.35965461345
7.35162983292
7.3436050524
7.33558027188
7.32755549136
7.31953071084
7.31150593031
7.30348114979
7.29545636927
7.28743158875
7.27940680822
7.2713820277
7.26335724718
7.25533246666
7.24730768613
7.23928290561
7.23125812509
7.22323334457
7.21520856405
7.20718378352
7.199159003
7.19113422248
7.18310944196
7.17508466143
7.16705988091
7.15903510039
7.15101031987
7.14298553935
7.13496075882
7.1269359783
7.11891119778
7.11088641726
7.10286163673
7.09483685621
7.08681207569
7.07878729517
7.07076251465
7.06273773412
7.0547129536
7.04668817308
7.03866339256
7.03063861203
7.02261383151
7.01458905099
7.00656427047
6.99853948994
6.99051470942
6.9824899289
6.97446514838
6.96644036786
6.95841558733
6.95039080681
6.94236602629
6.93434124577
6.92631646524
6.91829168472
6.9102669042
6.90224212368
6.89421734316
6.88619256263
6.87816778211
6.87014300159
6.86211822107
6.85409344054
6.84606866002
6.8380438795
6.83001909898
6.82199431846
6.81396953793
6.80594475741
6.79791997689
6.78989519637
6.78187041584
6.77384563532
6.7658208548
6.75779607428
6.74977129376
6.74174651323
6.73372173271
6.72569695219
6.71767217167
6.70964739114
6.70162261062
6.6935978301
6.68557304958
6.67754826905
6.66952348853
6.66149870801
6.65347392749
6.64544914697
6.63742436644
6.62939958592
6.6213748054
6.61335002488
6.60532524435
6.59730046383
6.58927568331
6.58125090279
6.57322612227
6.56520134174
6.55717656122
6.5491517807
6.54112700018
6.53310221965
6.52507743913
6.51705265861
6.50902787809
6.50100309757
6.49297831704
6.48495353652
6.476928756
6.46890397548
6.46087919495
6.45285441443
6.44482963391
6.43680485339
6.42878007287
6.42075529234
6.41273051182
6.4047057313
6.39668095078
6.38865617025
6.38063138973
6.37260660921
6.36458182869
6.35655704816
6.34853226764
6.34050748712
6.3324827066
6.32445792608
6.31643314555
6.30840836503
6.30038358451
6.29235880399
6.28433402346
6.27630924294
6.26828446242
6.2602596819
6.25223490138
6.24421012085
6.23618534033
6.22816055981
6.22013577929
6.21211099876
6.20408621824
6.19606143772
6.1880366572
6.18001187668
6.17198709615
6.16396231563
6.15593753511
6.14791275459
6.13988797406
6.13186319354
6.12383841302
6.1158136325
6.10778885197
6.09976407145
6.09173929093
6.08371451041
6.07568972989
6.06766494936
6.05964016884
6.05161538832
6.0435906078
6.03556582727
6.02754104675
6.01951626623
6.01149148571
6.00346670519
5.99544192466
5.98741714414
5.97939236362
5.9713675831
5.96334280257
5.95531802205
5.94729324153
5.93926846101
5.93124368049
5.92321889996
5.91519411944
5.90716933892
5.8991445584
5.89111977787
5.88309499735
5.87507021683
5.86704543631
5.85902065579
5.85099587526
5.84297109474
5.83494631422
5.8269215337
5.81889675317
5.81087197265
5.80284719213
5.79482241161
5.78679763108
5.77877285056
5.77074807004
5.76272328952
5.754698509
5.74667372847
5.73864894795
5.73062416743
5.72259938691
5.71457460638
5.70654982586
5.69852504534
5.69050026482
5.6824754843
5.67445070377
5.66642592325
5.65840114273
5.65037636221
5.64235158168
5.63432680116
5.62630202064
5.61827724012
5.6102524596
5.60222767907
5.59420289855
5.58617811803
5.57815333751
5.57012855698
5.56210377646
5.55407899594
5.54605421542
5.53802943489
5.53000465437
5.52197987385
5.51395509333
5.50593031281
5.49790553228
5.48988075176
5.48185597124
5.47383119072
5.46580641019
5.45778162967
5.44975684915
5.44173206863
5.43370728811
5.42568250758
5.41765772706
5.40963294654
5.40160816602
5.39358338549
5.38555860497
5.37753382445
5.36950904393
5.36148426341
5.35345948288
5.34543470236
5.33740992184
5.32938514132
5.32136036079
5.31333558027
5.30531079975
5.29728601923
5.28926123871
5.28123645818
5.27321167766
5.26518689714
5.25716211662
5.24913733609
5.24111255557
5.23308777505
5.22506299453
5.217038214
5.20901343348
5.20098865296
5.19296387244
5.18493909192
5.17691431139
5.16888953087
5.16086475035
5.15283996983
5.1448151893
5.13679040878
5.12876562826
5.12074084774
5.11271606722
5.10469128669
5.09666650617
5.08864172565
5.08061694513
5.0725921646
5.06456738408
5.05654260356
5.04851782304
5.04049304252
5.03246826199
5.02444348147
5.01641870095
5.00839392043
5.0003691399
4.99234435938
4.98431957886
4.97629479834
4.96827001782
4.96024523729
4.95222045677
4.94419567625
4.93617089573
4.9281461152
4.92012133468
4.91209655416
4.90407177364
4.89604699311
4.88802221259
4.87999743207
4.87197265155
4.86394787103
4.8559230905
4.84789830998
4.83987352946
4.83184874894
4.82382396841
4.81579918789
4.80777440737
4.79974962685
4.79172484633
4.7837000658
4.77567528528
4.76765050476
4.75962572424
4.75160094371
4.74357616319
4.73555138267
4.72752660215
4.71950182163
4.7114770411
4.70345226058
4.69542748006
4.68740269954
4.67937791901
4.67135313849
4.66332835797
4.65530357745
4.64727879692
4.6392540164
4.63122923588
4.62320445536
4.61517967484
4.60715489431
4.59913011379
4.59110533327
4.58308055275
4.57505577222
4.5670309917
4.55900621118
4.55098143066
4.54295665014
4.53493186961
4.52690708909
4.51888230857
4.51085752805
4.50283274752
4.494807967
4.48678318648
4.47875840596
4.47073362544
4.46270884491
4.45468406439
4.44665928387
4.43863450335
4.43060972282
4.4225849423
4.41456016178
4.40653538126
4.39851060074
4.39048582021
4.38246103969
4.37443625917
4.36641147865
4.35838669812
4.3503619176
4.34233713708
4.33431235656
4.32628757603
4.31826279551
4.31023801499
4.30221323447
4.29418845395
4.28616367342
4.2781388929
4.27011411238
4.26208933186
4.25406455133
4.24603977081
4.23801499029
4.22999020977
4.22196542925
4.21394064872
4.2059158682
4.19789108768
4.18986630716
4.18184152663
4.17381674611
4.16579196559
4.15776718507
4.14974240455
4.14171762402
4.1336928435
4.12566806298
4.11764328246
4.10961850193
4.10159372141
4.09356894089
4.08554416037
4.07751937984
4.06949459932
4.0614698188
4.05344503828
4.04542025776
4.03739547723
4.02937069671
4.02134591619
4.01332113567
4.00529635514
3.99727157462
3.9892467941
3.98122201358
3.97319723306
3.96517245253
3.95714767201
3.94912289149
3.94109811097
3.93307333044
3.92504854992
3.9170237694
3.90899898888
3.90097420836
3.89294942783
3.88492464731
3.87689986679
3.86887508627
3.86085030574
3.85282552522
3.8448007447
3.83677596418
3.82875118366
3.82072640313
3.81270162261
3.80467684209
3.79665206157
3.78862728104
3.78060250052
3.77257772
3.76455293948
3.75652815895
3.74850337843
3.74047859791
3.73245381739
3.72442903687
3.71640425634
3.70837947582
3.7003546953
3.69232991478
3.68430513425
3.67628035373
3.66825557321
3.66023079269
3.65220601217
3.64418123164
3.63615645112
3.6281316706
3.62010689008
3.61208210955
3.60405732903
3.59603254851
3.58800776799
3.57998298747
3.57195820694
3.56393342642
3.5559086459
3.54788386538
3.53985908485
3.53183430433
3.52380952381
3.51578474329
3.50775996277
3.49973518224
3.49171040172
3.4836856212
3.47566084068
3.46763606015
3.45961127963
3.45158649911
3.44356171859
3.43553693806
3.42751215754
3.41948737702
3.4114625965
3.40343781598
3.39541303545
3.38738825493
3.37936347441
3.37133869389
3.36331391336
3.35528913284
3.34726435232
3.3392395718
3.33121479128
3.32319001075
3.31516523023
3.30714044971
3.29911566919
3.29109088866
3.28306610814
3.27504132762
3.2670165471
3.25899176658
3.25096698605
3.24294220553
3.23491742501
3.22689264449
3.21886786396
3.21084308344
3.20281830292
3.1947935224
3.18676874187
3.17874396135
3.17071918083
3.16269440031
3.15466961979
3.14664483926
3.13862005874
3.13059527822
3.1225704977
3.11454571717
3.10652093665
3.09849615613
3.09047137561
3.08244659509
3.07442181456
3.06639703404
3.05837225352
3.050347473
3.04232269247
3.03429791195
3.02627313143
3.01824835091
3.01022357039
3.00219878986
2.99417400934
2.98614922882
2.9781244483
2.97009966777
2.96207488725
2.95405010673
2.94602532621
2.93800054569
2.92997576516
2.92195098464
2.91392620412
2.9059014236
2.89787664307
2.88985186255
2.88182708203
2.87380230151
2.86577752098
2.85775274046
2.84972795994
2.84170317942
2.8336783989
2.82565361837
2.81762883785
2.80960405733
2.80157927681
2.79355449628
2.78552971576
2.77750493524
2.76948015472
2.7614553742
2.75343059367
2.74540581315
2.73738103263
2.72935625211
2.72133147158
2.71330669106
2.70528191054
2.69725713002
2.6892323495
2.68120756897
2.67318278845
2.66515800793
2.65713322741
2.64910844688
2.64108366636
2.63305888584
2.62503410532
2.61700932479
2.60898454427
2.60095976375
2.59293498323
2.58491020271
2.57688542218
2.56886064166
2.56083586114
2.55281108062
2.54478630009
2.53676151957
2.52873673905
2.52071195853
2.51268717801
2.50466239748
2.49663761696
2.48861283644
2.48058805592
2.47256327539
2.46453849487
2.45651371435
2.44848893383
2.44046415331
2.43243937278
2.42441459226
2.41638981174
2.40836503122
2.40034025069
2.39231547017
2.38429068965
2.37626590913
2.36824112861
2.36021634808
2.35219156756
2.34416678704
2.33614200652
2.32811722599
2.32009244547
2.31206766495
2.30404288443
2.2960181039
2.28799332338
2.27996854286
2.27194376234
2.26391898182
2.25589420129
2.24786942077
2.23984464025
2.23181985973
2.2237950792
2.21577029868
2.20774551816
2.19972073764
2.19169595712
2.18367117659
2.17564639607
2.16762161555
2.15959683503
2.1515720545
2.14354727398
2.13552249346
2.12749771294
2.11947293242
2.11144815189
2.10342337137
2.09539859085
2.08737381033
2.0793490298
2.07132424928
2.06329946876
2.05527468824
2.04724990772
2.03922512719
2.03120034667
2.02317556615
2.01515078563
2.0071260051
1.99910122458
1.99107644406
1.98305166354
1.97502688301
1.96700210249
1.95897732197
1.95095254145
1.94292776093
1.9349029804
1.92687819988
1.91885341936
1.91082863884
1.90280385831
1.89477907779
1.88675429727
1.87872951675
1.87070473623
1.8626799557
1.85465517518
1.84663039466
1.83860561414
1.83058083361
1.82255605309
1.81453127257
1.80650649205
1.79848171153
1.790456931
1.78243215048
1.77440736996
1.76638258944
1.75835780891
1.75033302839
1.74230824787
1.73428346735
1.72625868682
1.7182339063
1.71020912578
1.70218434526
1.69415956474
1.68613478421
1.67811000369
1.67008522317
1.66206044265
1.65403566212
1.6460108816
1.63798610108
1.62996132056
1.62193654004
1.61391175951
1.60588697899
1.59786219847
1.58983741795
1.58181263742
1.5737878569
1.56576307638
1.55773829586
1.54971351534
1.54168873481
1.53366395429
1.52563917377
1.51761439325
1.50958961272
1.5015648322
1.49354005168
1.48551527116
1.47749049064
1.46946571011
1.46144092959
1.45341614907
1.44539136855
1.43736658802
1.4293418075
1.42131702698
1.41329224646
1.40526746593
1.39724268541
1.38921790489
1.38119312437
1.37316834385
1.36514356332
1.3571187828
1.34909400228
1.34106922176
1.33304444123
1.32501966071
1.31699488019
1.30897009967
1.30094531915
1.29292053862
1.2848957581
1.27687097758
1.26884619706
1.26082141653
1.25279663601
1.24477185549
1.23674707497
1.22872229445
1.22069751392
1.2126727334
1.20464795288
1.19662317236
1.18859839183
1.18057361131
1.17254883079
1.16452405027
1.15649926974
1.14847448922
1.1404497087
1.13242492818
1.12440014766
1.11637536713
1.10835058661
1.10032580609
1.09230102557
1.08427624504
1.07625146452
1.068226684
1.06020190348
1.05217712296
1.04415234243
1.03612756191
1.02810278139
1.02007800087
1.01205322034
1.00402843982
0.9960036593
0.987978878778
0.979954098255
0.971929317733
0.963904537211
0.955879756689
0.947854976166
0.939830195644
0.931805415122
0.9237806346
0.915755854077
0.907731073555
0.899706293033
0.891681512511
0.883656731988
0.875631951466
0.867607170944
0.859582390422
0.851557609899
0.843532829377
0.835508048855
0.827483268333
0.81945848781
0.811433707288
0.803408926766
0.795384146244
0.787359365721
0.779334585199
0.771309804677
0.763285024155
0.755260243632
0.74723546311
0.739210682588
0.731185902066
0.723161121543
0.715136341021
0.707111560499
0.699086779977
0.691061999454
0.683037218932
0.67501243841
0.666987657888
0.658993570367
0.651065905494
0.643204510226
0.635409178177
0.627679702962
0.620015878195
0.612417497491
0.604884354465
0.597416242731
0.590012955904
0.582674287598
0.575400031429
0.568189981011
0.561043929959
0.553961671887
0.546943000409
0.539987709142
0.533095591699
0.526266441694
0.519500052743
0.512796218461
0.506154732461
0.499575388359
0.493057979769
0.486602300306
0.480208143585
0.47387530322
0.467603572825
0.461392746017
0.455242616408
0.449152977614
0.44312362325
0.43715434693
0.431244942269
0.425395202881
0.419604922381
0.413873894384
0.408201912505
0.402588770358
0.397034261557
0.391538179718
0.386100318455
0.380720471383
0.375398432116
0.37013399427
0.364926951458
0.359777097295
0.354684225397
0.349648129377
0.34466860285
0.339745439432
0.334878432736
0.330067376378
0.325312063972
0.320612289132
0.315967845474
0.311378526612
0.30684412616
0.302364437734
0.297939254947
0.293568371416
0.289251580753
0.284988676575
0.280779452495
0.276623702128
0.27252121909
0.268471796993
0.264475229455
0.260531310088
0.256639832507
0.252800590328
0.249013377165
0.245277986632
0.241594212345
0.237961847917
0.234380686964
0.230850523101
0.227371149941
0.223942361099
0.220563950191
0.21723571083
0.213957436632
0.210728921211
0.207549958182
0.204420341159
0.201339863758
0.198308319592
0.195325502277
0.192391205427
0.189505222656
0.18666734758
0.183877373814
0.18113509497
0.178440304666
0.175792796514
0.17319236413
0.170638801128
0.168131901124
0.165671457731
0.163257264564
0.160889115239
0.158566803369
0.15629012257
0.154058866455
0.15187282864
0.14973180274
0.147635582368
0.14558396114
0.143576732671
0.141613690574
0.139694628465
0.137819339959
0.135987618669
0.13419925821
0.132454052199
0.130751794247
0.129092277972
0.127475296987
0.125900644906
0.124368115346
0.122877501919
0.121428598241
0.120021197927
0.118655094591
0.117330081848
0.116045953312
0.114802502599
0.113599523322
0.112436809097
0.111314153538
0.11023135026
0.109188192877
0.108184475004
0.107219990257
0.106294532248
0.105407894594
0.104559870908
0.103750254806
0.102978839902
0.102245419811
0.101549788147
0.100891738525
0.10027106456
